10
Helictopleurus_quadripunctatus_KU739489 0.0000000 0.2440642 0.2582970 0.2618082 0.3087547 0.2534033 0.2634250 0.2266435 0.2082692 0.2450953 
Tiniocellus_sarawacus_KU739486          0.2440642 0.0000000 0.2408409 0.2763805 0.3130995 0.2623265 0.2861781 0.2384209 0.2291529 0.2591337 
Euoniticellus_fulvus_KU739453           0.2582970 0.2408409 0.0000000 0.1963341 0.3164345 0.2914614 0.2826722 0.2673011 0.2587241 0.2815701 
Euoniticellus_intermedius_KU739490      0.2618082 0.2763805 0.1963341 0.0000000 0.3637785 0.2962925 0.3002209 0.2677666 0.2541504 0.2953278 
Tragiscus_dimidiatus_KU739454           0.3087547 0.3130995 0.3164345 0.3637785 0.0000000 0.3030320 0.2941468 0.2989071 0.2697735 0.3047402 
Scaptodera_rhadamistus_KU739460         0.2534033 0.2623265 0.2914614 0.2962925 0.3030320 0.0000000 0.1893509 0.2437300 0.2451240 0.2550752 
Oniticellus_egregius_KU739487           0.2634250 0.2861781 0.2826722 0.3002209 0.2941468 0.1893509 0.0000000 0.2716741 0.2504724 0.2950315 
Liatongus_militaris_KU739488            0.2266435 0.2384209 0.2673011 0.2677666 0.2989071 0.2437300 0.2716741 0.0000000 0.2217040 0.2531964 
Tiniocellus_spinipes_KU739485           0.2082692 0.2291529 0.2587241 0.2541504 0.2697735 0.2451240 0.2504724 0.2217040 0.0000000 0.2402484 
Drepanocerus_kirbyi_KU739491            0.2450953 0.2591337 0.2815701 0.2953278 0.3047402 0.2550752 0.2950315 0.2531964 0.2402484 0.0000000 
